20110208  0004  0.696742416359484  3.40072046965361  18.1405823864043
20110208  0005  0.634325528517365  9.42674912512302  7.33233276754618
20110208  0006  0.0267701172269881  17.0649452600628  10.168843306601
20110208  0007  0.242750237695873  1.1048931744881  18.6560449190438
20110208  0008  0.263989919796586  12.0491339475848  25.1282352395356
20110208  0009  0.632156780920923  17.2953208209947  30.7881533540785
20110208  0010  0.653346463572234  19.1443510586396  37.9349328763783
20110208  0011  0.655594043433666  6.59481465118006  15.3494665212929
20110208  0012  0.667921626009047  19.6568421786651  37.0986516401172
20110208  0013  0.777572913095355  19.6547109517269  7.13913764804602
20110208  0014  0.434150895569474  12.073271360714  12.5802903994918
20110208  0015  0.88766545522958  2.93140957364812  27.6630890183151
20110208  0016  0.0709737744182348  3.60066251596436  14.9670014344156
20110208  0017  0.325194857083261  9.66941845836118  16.734830532223
20110208  0018  0.791595980525017  16.2691664649174  36.0134448483586
20110208  0019  0.419801861513406  7.07308598794043  23.6859581619501
20110208  0020  0.189505695365369  23.4067475888878  14.3169198743999
20110208  0021  0.137879017740488  14.7965986747295  24.868623316288
20110208  0022  0.521615680772811  6.49463933659717  16.3195708021522
20110208  0023  0.44908197177574  0.93396216398105  7.76710834354162
20110208  0024  0.627560412976891  11.7877345532179  27.084342520684
20110208  0025  0.942067673429847  8.9793709339574  31.7745978571475
20110208  0026  0.633644898887724  10.7537152944133  37.5356578826904
20110208  0027  0.00781993474811316  18.8835867214948  13.0067274160683
20110208  0028  0.426190698053688  13.6734862346202  39.0373937599361
20110208  0029  0.326526819262654  24.1685327724554  10.3543313592672
20110208  0030  0.918675773777068  3.90617516823113  7.80512750148773
20110208  0031  0.276598770637065  7.35315061174333  31.4796853810549
20110208  0032  0.898314353544265  20.3935426310636  1.87110831961036
20110208  0033  0.306303623598069  6.62059193709865  3.36544778198004
20110208  0034  0.50048133218661  22.3096022615209  22.2258230671287
20110208  0035  0.177589895669371  20.8612940972671  36.5928165614605
20110208  0036  0.971954842098057  11.7024165694602  13.7987610325217
20110208  0037  0.910346289165318  11.8979149498045  4.01249980553985
20110208  0038  0.235514474567026  22.5526824011467  25.8900777809322
20110208  0039  0.21144931903109  5.71585289435461  24.5597302354872
20110208  0040  0.47030760301277  3.6827472387813  30.809610504657
20110208  0041  0.665435790549964  10.5977165047079  2.57465148344636
20110208  0042  0.452427925076336  8.05557534331456  35.2043196931481
20110208  0043  0.499205633532256  15.7131659332663  5.79726679250598
20110208  0044  0.583341828081757  3.22519924957305  1.49263042956591
20110208  0045  0.138987405225635  7.66494664130732  34.8707009851933
20110208  0046  0.0538078192621469  6.96381769375876  13.594567514956
20110208  0047  0.398776845540851  4.72247492289171  32.6312314346433
20110208  0048  0.499089340679348  10.6103367870674  28.7155232764781
20110208  0049  0.146341285202652  15.8965697628446  37.8608879074454
20110208  0050  0.760334541089833  2.65425983816385  3.75328348949552
20110208  0051  0.530574803706259  19.2901546019129  20.7096298970282
20110208  0052  0.594941090792418  5.60085274046287  33.5985504463315
20110208  0053  0.475049083586782  18.0809935787693  18.739615958184
20110208  0054  0.619980753399432  7.66453928081319  23.8999347575009
20110208  0055  0.657296514138579  11.1392244114541  36.1638493835926
20110208  0056  0.529064039234072  12.4844199046493  7.30595769360662
20110208  0057  0.868928227107972  22.4538410431705  14.8619175702333
20110208  0058  0.684709012974054  9.93107456015423  31.8384564295411
20110208  0059  0.402597094886005  13.5896066902205  17.2729680687189
20110208  0100  0.349119293037802  7.59797022910789  21.5197838097811
20110208  0101  0.44295138027519  20.8623403217643  12.3840311914682
20110208  0102  0.960692128166556  10.7358676032163  21.3453955762088
20110208  0103  0.800655889324844  22.6120946928859  10.2749853022397
20110208  0104  0.269146288279444  13.1116135278717  22.5382481515408
20110208  0105  0.866644657216966  4.54402639297768  0.36100722849369
20110208  0106  0.770740891806781  17.7706273738295  20.3360790759325
20110208  0107  0.953389834146947  14.4938330515288  16.2622247450054
20110208  0108  0.32493777340278  6.61155837588012  32.1519440412521
20110208  0109  0.120899184606969  16.6764857480302  13.895314745605
20110208  0110  0.552723386324942  0.404468073975295  26.0520671121776
20110208  0111  0.090717981569469  11.4782525924966  19.431811645627
20110208  0112  0.400318761356175  10.4955557966605  36.6091998107731
20110208  0113  0.933953650761396  5.51195302978158  32.7885513193905
20110208  0114  0.190828283317387  12.2406102484092  13.7671329639852
20110208  0115  0.754284487571567  8.90672667883337  21.0375751927495
20110208  0116  0.76330966828391  3.17524898564443  9.47057899087667
20110208  0117  0.271711645182222  2.0099948393181  32.6607118733227
20110208  0118  0.678267263807356  10.1334391860291  3.23920527473092
20110208  0119  0.48206586483866  13.1559188012034  29.9215824902058
20110208  0120  0.829448733478785  1.97400345932692  30.5687314085662
20110208  0121  0.480750411748886  4.24195299856365  8.93393555656075
20110208  0122  0.966545702889562  14.2499220441096  25.7268248312175
20110208  0123  0.88177569815889  12.5987633131444  34.5459496974945
20110208  0124  0.701489481143653  17.3694704077207  14.1309260949492
20110208  0125  0.0456678052432835  11.2265825970098  28.3816887810826
20110208  0126  0.571607185527682  5.30932430410758  33.4620871581137
20110208  0127  0.808371660299599  12.1021154336631  36.6780789196491
20110208  0128  0.624889457598329  4.05879702884704  12.8915816172957
20110208  0129  0.705869589466602  16.1104436498135  33.9410516992211
20110208  0130  0.453909151721746  11.8466619867831  37.0994572341442
20110208  0131  0.218127437401563  23.8654222805053  3.88658203184605
20110208  0132  0.441475826315582  23.0290648527443  26.6864573024213
20110208  0133  0.0846464475616813  20.0734573067166  6.8444786220789
20110208  0134  0.948295189999044  12.6106943353079  34.6356312744319
20110208  0135  0.301568342372775  13.7523894780315  12.5981634296477
20110208  0136  0.0111105618998408  3.0425691162236  21.0930823162198
20110208  0137  0.847662741318345  23.2518606237136  0.456467010080814
20110208  0138  0.764614714309573  13.8740970636718  6.95054225623608
20110208  0139  0.0869042547419667  6.52083681197837  32.7272520959377
20110208  0140  0.935430547222495  17.868565605022  11.6819112747908
20110208  0141  0.8629169780761  23.3217515400611  9.86658694222569
20110208  0142  0.960081528872252  9.35864720959216  6.71309070661664
20110208  0143  0.627242961898446  11.4748083986342  38.8306224159896
20110208  0144  0.798354927450418  10.1821881486103  19.0077333524823
20110208  0145  0.664245709311217  17.7213967079297  1.01155651733279
20110208  0146  0.979199795052409  17.9991607554257  5.87966710329056
20110208  0147  0.506526852957904  14.1907292883843  3.08264411985874
20110208  0148  0.517938528209925  8.30609714612365  25.2811994217336
20110208  0149  0.691702084615827  10.4787035146728  35.714538320899
20110208  0150  0.50988338701427  8.86446719523519  24.3042433075607
20110208  0151  0.801931168884039  5.4373916471377  21.6190457716584
20110208  0152  0.0485958424396813  4.43942988058552  36.5928813070059
20110208  0153  0.216423110570759  20.1205039280467  14.9525747448206
20110208  0154  0.1871886709705  15.0793771143071  31.2440757825971
20110208  0155  0.662382004782557  6.68551984708756  19.5983105152845
20110208  0156  0.687670918181539  6.16551472339779  8.3969677425921
20110208  0157  0.834662595763803  18.8286860473454  31.102134604007
20110208  0158  0.911728698760271  6.77714925259352  4.39189005643129
20110208  0159  0.543758684769273  24.0697013679892  21.1578156799078
20110208  0200  0.436622142791748  11.8167860433459  35.3409632109106
20110208  0201  0.0442282254807651  6.8650652654469  4.04078984633088
20110208  0202  0.584704370237887  8.07996133808047  11.1438776552677
20110208  0203  0.499526402913034  13.4905391023494  3.33668394014239
20110208  0204  0.87334077199921  18.1702558766119  27.4636873230338
20110208  0205  0.654442666564137  9.72980599617586  38.1605190783739
20110208  0206  0.144400429911911  1.92157895071432  8.02534263581038
20110208  0207  0.354324623476714  22.7881438564509  38.151240311563
20110208  0208  0.131877988576889  20.5813613254577  8.99467911571264
20110208  0209  0.241675239987671  9.17532844468951  7.50620130449533
20110208  0210  0.770620632451028  20.0908820261247  26.4130589738488
20110208  0211  0.654144712723792  21.1965876631439  37.3971634171903
20110208  0212  0.755164458882064  10.814196919091  10.3251015581191
20110208  0213  0.0337614007294178  23.3023570035584  31.9099641218781
20110208  0214  0.117178499232978  20.1358763035387  20.9823735244572
20110208  0215  0.803770682774484  11.4969429676421  36.5500631183386
20110208  0216  0.757783659733832  15.1069537154399  39.6245894581079
20110208  0217  0.958417226094753  23.9650693023577  36.0856196284294
20110208  0218  0.912198233883828  2.26201902842149  29.0157977491617
20110208  0219  0.137065212242305  8.30390002811328  3.69632327929139
20110208  0220  0.324720244854689  2.56941583938897  35.841734521091
20110208  0221  0.98504671966657  18.9230336574838  29.7562747821212
20110208  0222  0.919975805096328  12.8021451411769  7.05898987129331
20110208  0223  0.178103344049305  13.6461801594123  4.34276107698679
20110208  0224  0.975852447096258  16.5756426402368  36.5601631626487
20110208  0225  0.500411785207689  11.6699097095989  14.955271910876
20110208  0226  0.414163363166153  5.6145012145862  39.1263978742063
20110208  0227  0.404778099618852  4.57493186695501  37.4705087579787
20110208  0228  0.306918590329587  2.37988771405071  1.08973920345306
20110208  0229  0.0323135345242918  5.80651802010834  14.3759792670608
20110208  0230  0.124721616506577  13.9245241531171  18.4870446100831
20110208  0231  0.0207649795338511  13.5506921447814  8.76389848068357
20110208  0232  0.764671849086881  11.5500872721896  29.2473307065666
20110208  0233  0.941146595869213  16.0026708734222  11.0812189616263
20110208  0234  0.0497156227938831  15.3989820508286  37.6022471860051
20110208  0235  0.9637197018601  2.90927668102086  16.2741027399898
20110208  0236  0.337601500097662  13.2633607601747  25.2573046833277
20110208  0237  0.31576144695282  23.3828132622875  32.5771956704557
20110208  0238  0.252524165902287  6.05577802052721  36.3850160129368
20110208  0239  0.279767646454275  6.86361638363451  5.67544486373663
20110208  0240  0.639167128130794  9.98165679629892  27.954683508724
20110208  0241  0.101343243382871  10.5007812846452  9.63579094037414
20110208  0242  0.32044070539996  4.61757752345875  28.1159305758774
20110208  0243  0.141267276369035  20.1314890407957  3.04686855524778
20110208  0244  0.949624717235565  8.67317947559059  30.8831137791276
20110208  0245  0.979693195316941  16.3255705381744  34.5645493641496
20110208  0246  0.0371715347282588  24.526447430253  16.9622933492064
20110208  0247  0.256693853065372  0.252000067848712  0.978502314537764
20110208  0248  0.108366286382079  2.43309260113165  19.0973459742963
20110208  0249  0.707282522227615  13.6731673846953  27.8731066174805
20110208  0250  0.885016668587923  19.9234144296497  37.5033244863153
20110208  0251  0.241041146218777  18.2448439882137  15.6977835483849
20110208  0252  0.305527845397592  1.77281908690929  8.63920481875539
20110208  0253  0.361597916577011  5.30450100777671  0.84958728402853
20110208  0254  0.437769630458206  4.04511893866584  14.7266744449735
20110208  0255  0.209847474936396  3.53744882158935  0.847587306052446
20110208  0256  0.0739612095057964  4.46673720143735  0.0899031944572926
20110208  0257  0.498018543235958  10.8840835280716  0.493103303015232
20110208  0258  0.522481101099402  13.5932406876236  4.38605146482587
20110208  0259  0.999914750922471  6.27530375495553  26.2631192989647
        
20110207  0004  0.450400653295219  16.1601879866794  34.9544180929661
20110207  0005  0.212883901316673  17.7491770125926  31.902190297842
20110207  0006  0.607666841242462  7.96738457866013  34.4272747077048
20110207  0007  0.446048266254365  10.011614440009  25.2948451600969
20110207  0008  0.426189739257097  10.4790267534554  10.0384368374944
20110207  0009  0.818326849956065  10.0241792970337  9.60351353511214
20110207  0010  0.0486980970017612  15.793461969588  9.51701642945409
20110207  0011  0.992592993658036  14.023567631375  22.9818350076675
20110207  0012  0.208916628267616  8.44415329629555  11.055757496506
20110207  0013  0.220861188136041  11.7472434882075  3.60606184229255
20110207  0014  0.569415597245097  23.0072598322295  29.4623626209795
20110207  0015  0.44327605003491  3.32935736514628  17.8610458411276
20110207  0016  0.240830807480961  18.5210284078494  30.6088611669838
20110207  0017  0.101512675173581  4.67223506420851  6.62744427099824
20110207  0018  0.733883804176003  15.3269785456359  23.3938870951533
20110207  0019  0.984844725579023  10.7851498061791  39.4325739704072
20110207  0020  0.224932563956827  12.0026022312231  24.702113121748
20110207  0021  0.462857974693179  11.817427072674  7.13982133194804
20110207  0022  0.037403850350529  17.0403427793644  20.6504666060209
20110207  0023  0.313797787763178  22.561872494407  39.4460562057793
20110207  0024  0.403949333820492  11.7972624255344  36.2576719373465
20110207  0025  0.140508399344981  22.8791636764072  1.58464372158051
20110207  0026  0.587034545373172  3.89993386343122  31.2182891741395
20110207  0027  0.352256075013429  6.43775074277073  38.6938652768731
20110207  0028  0.517942181788385  24.7848458588123  23.2170309685171
20110207  0029  0.102789359167218  24.4059639982879  0.473270658403635
20110207  0030  0.0886037084273994  5.02927809720859  19.6774342283607
20110207  0031  0.706156536471099  16.6007274645381  38.5853175632656
20110207  0032  0.884652070235461  17.5358237233013  25.8498660102487
20110207  0033  0.400913735385984  0.380768429022282  21.9488620012999
20110207  0034  0.387065140530467  10.4795017745346  0.824481900781393
20110207  0035  0.293506938964128  13.9922117698006  37.4311437830329
20110207  0036  0.333123032469302  3.66807540412992  3.67103798314929
20110207  0037  0.11358026182279  12.4744772794656  13.9714391715825
20110207  0038  0.080926894210279  0.423031835816801  13.6271925456822
20110207  0039  0.661352668423206  2.99276581499726  12.6767349429429
20110207  0040  0.673184434883296  5.20785853732377  20.7235798984766
20110207  0041  0.165120290592313  22.8617719491012  7.28474386036396
20110207  0042  0.129753229673952  19.9780737049878  35.342061817646
20110207  0043  0.77599988039583  5.0009171012789  35.9512913040817
20110207  0044  0.324721430428326  14.6775456145406  12.7184941619635
20110207  0045  0.345333477947861  22.0152191002853  35.1060329936445
20110207  0046  0.281112072989345  5.34329491201788  0.974953640252352
20110207  0047  0.372888022568077  8.18280145758763  20.9341173060238
20110207  0048  0.722174001857638  10.2059738128446  21.6109682433307
20110207  0049  0.0628538159653544  1.73979052342474  26.3993935473263
20110207  0050  0.379772189538926  18.5694013955072  34.7319672070444
20110207  0051  0.897861687466502  22.6974086719565  31.3108023442328
20110207  0052  0.0799802839756012  0.941239413805306  23.2757202722132
20110207  0053  0.963531829416752  20.341236423701  31.2771876342595
20110207  0054  0.862314112484455  3.45927219605073  14.7612606361508
20110207  0055  0.180276466533542  12.0926091447473  9.98561119660735
20110207  0056  0.0579272913746536  19.1204109694809  18.534883055836
20110207  0057  0.0823011323809624  3.44261153368279  31.6273653879762
20110207  0058  0.605654065031558  21.4969615917653  7.95692350715399
20110207  0059  0.145928271114826  23.0683069908991  10.7405883446336
20110207  0100  0.805913110263646  7.56261172937229  0.451630596071482
20110207  0101  0.674212290439755  5.00915391603485  36.7674844712019
20110207  0102  0.456982349045575  7.00866101542488  38.2734675332904
20110207  0103  0.0388753563165665  6.09695676248521  30.8194458298385
20110207  0104  0.820805047173053  2.65480957459658  36.3542813435197
20110207  0105  0.189836563076824  7.16172123793513  15.7024559751153
20110207  0106  0.439476842992008  8.60990352230147  6.29511354491115
20110207  0107  0.902848919387907  10.6674318318255  11.8032919988036
20110207  0108  0.693533054552972  0.808783469256014  6.19843054562807
20110207  0109  0.892456142231822  4.45699024712667  3.1077217310667
20110207  0110  0.160970850847661  24.6048180037178  15.2079005166888
20110207  0111  0.172261615749449  16.4601252763532  23.2225467823446
20110207  0112  0.091448727529496  2.88468400249258  34.4364044256508
20110207  0113  0.0482854163274169  3.85656791040674  4.19153524562716
20110207  0114  0.81877156207338  24.3766941013746  8.4392305649817
20110207  0115  0.727628595661372  4.1226081782952  19.8979845456779
20110207  0116  0.120189995039254  15.1095292647369  33.6738301813602
20110207  0117  0.277567833662033  12.6807522494346  10.7417211122811
20110207  0118  0.572650134097785  5.0190786132589  12.0357746630907
20110207  0119  0.727610897738487  2.33048216905445  19.1669590771198
20110207  0120  0.805303941480815  6.35475345188752  18.5346678830683
20110207  0121  0.185501454398036  10.6612938456237  4.87086832523346
20110207  0122  0.76606512395665  12.9475120455027  9.48636274784803
20110207  0123  0.626975234597921  14.1546474536881  15.6568714044988
20110207  0124  0.7317636157386  9.62393650552258  14.6595819666982
20110207  0125  0.942744379863143  2.81465139705688  21.2557550705969
20110207  0126  0.44019399350509  5.81940127303824  5.43100189417601
20110207  0127  0.282039748039097  12.7585971262306  25.7202054932714
20110207  0128  0.550582776311785  2.07485047867522  33.750731293112
20110207  0129  0.851477142889053  20.2651229221374  37.4795027635992
20110207  0130  0.330651119817048  15.3977214591578  7.64710828661919
20110207  0131  0.794017817359418  20.0352578191087  24.7051784582436
20110207  0132  0.915789525490254  14.1868859296665  5.42119773104787
20110207  0133  0.152948594186455  4.86126679461449  28.0686336569488
20110207  0134  0.544370379764587  23.155357199721  3.46693206578493
20110207  0135  0.910859928932041  21.7239666962996  7.97037430107594
20110207  0136  0.442253805696964  7.72881654556841  17.2814163379371
20110207  0137  0.578028853051364  14.7798102465458  37.6951717399061
20110207  0138  0.221033990848809  3.54437965434045  1.01493250578642
20110207  0139  0.0648022731766105  24.8313082382083  33.4391291998327
20110207  0140  0.0017898422665894  8.0975862336345  18.0754835344851
20110207  0141  0.19296754989773  2.94803166761994  10.1318960636854
20110207  0142  0.810597011353821  0.84276981651783  32.8309135511518
20110207  0143  0.946126954630017  4.66648467117921  0.608940422534943
20110207  0144  0.647842796053737  18.2757441652939  37.6575119420886
20110207  0145  0.734516097698361  16.0472424002364  32.4158586747944
20110207  0146  0.933775455225259  2.10358754266053  4.78196514770389
20110207  0147  0.365810863673687  16.5543088805862  28.4296615421772
20110207  0148  0.308190157637  22.0801586518064  34.1006690077484
20110207  0149  0.333563470281661  23.7002154812217  33.8307621888816
20110207  0150  0.169541700277478  23.7449615378864  6.78690016269684
20110207  0151  0.621428789105266  3.56915028532967  11.5037508495152
20110207  0152  0.874726190697402  23.8340755691752  12.8521825559437
20110207  0153  0.695499029476196  22.4872494349256  20.3185580298305
20110207  0154  0.710722540039569  13.6833193362691  9.5597487129271
20110207  0155  0.652160339057446  7.04622177872807  35.2353365533054
20110207  0156  0.462556805927306  5.39060815935954  38.6010766215622
20110207  0157  0.582105934619904  14.5358797628433  25.0879708305001
20110207  0158  0.292847473174334  22.2406337037683  20.4162246733904
20110207  0159  0.145364198368043  5.57972046080977  18.3365694433451
20110207  0200  0.991133253090084  9.81826297938824  16.3285079225898
20110207  0201  0.929204226471484  8.41551161138341  8.6529453843832
20110207  0202  0.776823426131159  17.546201555524  0.477782394737005
20110207  0203  0.132123607676476  20.3439402044751  13.9421763643622
20110207  0204  0.0186964925378561  15.4647447983734  15.6854844279587
20110207  0205  0.981806101277471  24.7281729243696  9.21484988182783
20110207  0206  0.23077130690217  24.9459393089637  37.7557958476245
20110207  0207  0.0635595610365272  23.0923576164059  15.7913175970316
20110207  0208  0.608728302642703  1.57817775616422  33.5352569818497
20110207  0209  0.0817691939882934  19.2922315327451  39.2056589201093
20110207  0210  0.365227597765625  19.8905231314711  14.2120072618127
20110207  0211  0.111909545958042  8.41524621937424  12.7310818247497
20110207  0212  0.832649910822511  13.1326510803774  30.4993299208581
20110207  0213  0.370537125039846  20.9558534086682  9.95860820636153
20110207  0214  0.0087106553837657  17.8380912286229  27.9373167827725
20110207  0215  0.338782891631126  6.81071844883263  33.904767986387
20110207  0216  0.13943280512467  11.0899621155113  18.9216356538236
20110207  0217  0.708562151063234  3.54400121141225  37.4770919419825
20110207  0218  0.846900530159473  10.2998909307644  38.5243843495846
20110207  0219  0.540988923516124  24.0744216018356  28.8296145945787
20110207  0220  0.188696194440126  11.1051550600678  9.23638598993421
20110207  0221  0.398388261441141  15.8074922976084  21.806749664247
20110207  0222  0.87528951279819  11.2366928602569  13.2028894498944
20110207  0223  0.558905088808388  3.72965699061751  1.05778822675347
20110207  0224  0.52319218730554  12.692024547141  29.8672779276967
20110207  0225  0.698161563370377  11.5971601800993  5.53353516384959
20110207  0226  0.270235588774085  0.654557754751295  20.9454637952149
20110207  0227  0.426238498650491  7.1463899104856  25.5269411951303
20110207  0228  0.481229338329285  12.7542321220972  8.3876826800406
20110207  0229  0.188093489501625  7.85647729644552  29.6417817473412
20110207  0230  0.811298792716116  23.1968037318438  22.7651738375425
20110207  0231  0.699718565214425  17.4093117355369  38.5714839398861
20110207  0232  0.35849470179528  18.0059310630895  0.711869448423386
20110207  0233  0.455295882187784  24.3514604051597  25.9082908369601
20110207  0234  0.562295902986079  9.63245539460331  6.24011639505625
20110207  0235  0.259673286229372  2.86342337494716  17.962040565908
20110207  0236  0.16361211752519  17.2974676592276  27.3446230217814
20110207  0237  0.804089806508273  13.2838119170628  24.9282121285796
20110207  0238  0.613613057415932  20.7021200447343  35.4745108261704
20110207  0239  0.536014257464558  14.2302258289419  22.8829610161483
20110207  0240  0.0238647731021047  1.33774094283581  3.8720471970737
20110207  0241  0.253821173682809  15.7477633678354  1.03733824566007
20110207  0242  0.536110868677497  14.0496199019253  28.2745660468936
20110207  0243  0.729238719213754  7.32620260678232  36.1575532518327
20110207  0244  0.577361770905554  5.86411403492093  21.4442579075694
20110207  0245  0.00447376305237412  7.01678806217387  26.3510454632342
20110207  0246  0.296732325106859  6.59143667435274  36.896048001945
20110207  0247  0.741124230902642  17.1302813687362  1.05126580223441
20110207  0248  0.816089182626456  14.5982221118174  27.8950953297317
20110207  0249  0.576400896999985  23.2283068937249  11.2915877811611
20110207  0250  0.932074261363596  17.023267375771  10.719157513231
20110207  0251  0.969367680605501  22.9085288010538  32.3809300363064
20110207  0252  0.941516457125545  15.8041904098354  17.0844796672463
20110207  0253  0.0461069610901177  3.06674222229049  0.775640401989222
20110207  0254  0.772838114760816  10.9506260836497  9.19825602322817
20110207  0255  0.235410457011312  13.5386078152806  13.0945857614279
20110207  0256  0.347316314931959  2.82194872852415  17.7756762318313
20110207  0257  0.421553787309676  2.59701112518087  2.99859805032611
20110207  0258  0.898717629723251  16.7773934546858  36.5259814634919
20110207  0259  0.709119219798595  5.16403618967161  33.924922067672
        
20110209  0004  0.293791930191219  0.758152757771313  22.4417266249657
20110209  0005  0.582203280646354  1.54479978373274  12.6326938159764
20110209  0006  0.132283001672477  24.4571432704106  11.4355500973761
20110209  0007  0.838657081127167  7.37217532005161  20.6889992952347
20110209  0008  0.560180549509823  11.2806880497374  36.6390809044242
20110209  0009  0.773433601483703  17.7002439508215  18.3059879019856
20110209  0010  0.63059200393036  2.5578587083146  12.902656160295
20110209  0011  0.0703987162560225  0.387788086663932  3.50738702341914
20110209  0012  0.426425847224891  22.5995717337355  13.8391393609345
20110209  0013  0.557850603945553  5.51401937846094  15.6150512211025
20110209  0014  0.229253253899515  12.8588176448829  16.8280956335366
20110209  0015  0.790296419523656  2.4138996610418  19.299775287509
20110209  0016  0.106113764923066  5.72097470285371  18.4312045201659
20110209  0017  0.392002517357469  1.68740173103288  30.2266850322485
20110209  0018  0.909227500203997  15.69191548042  8.27578591182828
20110209  0019  0.825204522814602  10.0277555175126  36.5961762331426
20110209  0020  0.282854220364243  0.792555627413094  0.688750166445971
20110209  0021  0.605420624837279  2.55252353381366  1.30921110510826
20110209  0022  0.693105300422758  13.2131697144359  37.4685258977115
20110209  0023  0.0390837844461203  2.15943481307477  6.29095690324903
20110209  0024  0.429460064973682  7.89076616056263  26.8650651350617
20110209  0025  0.850162456277758  2.64817664865404  30.7273045927286
20110209  0026  0.332656838465482  5.30102077173069  39.880864135921
20110209  0027  0.793436951935291  15.1010837173089  2.58070690557361
20110209  0028  0.549104077741504  12.8317712224089  27.6877716742456
20110209  0029  0.755998726002872  8.4618842927739  3.73218052089214
20110209  0030  0.670903131831437  15.53323980188  5.00026952475309
20110209  0031  0.688121886458248  5.66875542281196  9.08430717885494
20110209  0032  0.720852164085954  22.9963879333809  30.2253787219524
20110209  0033  0.657565311528742  23.9734825561754  33.6804744414985
20110209  0034  0.814839234575629  9.70998418051749  6.30570029839873
20110209  0035  0.486465862952173  5.96404558746144  10.5427829548717
20110209  0036  0.254648478236049  14.28046656074  19.0244161896408
20110209  0037  0.251670081634074  9.11639035912231  3.18615013733506
20110209  0038  0.316187754273415  22.8439923026599  23.7169840931892
20110209  0039  0.0083820465952158  16.7439604527317  37.2559989616275
20110209  0040  0.101686559617519  8.51653876015916  22.1091826632619
20110209  0041  0.226693297736347  0.719585921615362  31.179191339761
20110209  0042  0.45380097720772  18.7408900237642  27.9734120517969
20110209  0043  0.209435445256531  10.1800228236243  26.3309841416776
20110209  0044  0.0514473062939942  5.55100368801504  1.86695883050561
20110209  0045  0.209089814219624  17.7126502618194  11.4094317890704
20110209  0046  0.472659388091415  24.0788622177206  34.2581782862544
20110209  0047  0.948269792832434  5.37061425857246  8.8444028608501
20110209  0048  0.027923546731472  13.2753081270494  5.39479054510593
20110209  0049  0.620848149061203  13.4848592919298  32.1851272881031
20110209  0050  0.552248123567551  16.0270232823677  5.81158930435777
20110209  0051  0.104977690149099  21.6943557257764  6.96292677894235
20110209  0052  0.884457473643124  8.03938015596941  36.9483508169651
20110209  0053  0.583792774938047  13.2752662873827  13.236387334764
20110209  0054  0.242067378479987  14.5614489563741  22.1179932355881
20110209  0055  0.288741349708289  19.7886943118647  10.4582336731255
20110209  0056  0.573977144435048  6.60517901415005  8.98441322147846
20110209  0057  0.430431601591408  5.31192383496091  17.5773960538208
20110209  0058  0.651541673112661  6.01001250324771  38.8178890570998
20110209  0059  0.786411436740309  21.5312162414193  20.3936639241874
20110209  0100  0.591039618942887  10.3374193306081  6.0369011759758
20110209  0101  0.736329351551831  12.9618615843356  0.747870337218046
20110209  0102  0.910402521025389  10.0732984254137  13.6108785867691
20110209  0103  0.834111291915178  24.6681178105064  34.8513046465814
20110209  0104  0.165020975284278  5.71980227250606  18.1496229767799
20110209  0105  0.717970806639642  12.9383360152133  9.81153387576342
20110209  0106  0.979426648467779  2.28776462608948  20.3798202984035
20110209  0107  0.204036979004741  13.0485546658747  28.8788984529674
20110209  0108  0.643471880350262  4.33709649369121  38.4949184581637
20110209  0109  0.613919106777757  23.9973824238405  32.9448644444346
20110209  0110  0.123760704882443  13.7733728974126  9.4847353734076
20110209  0111  0.274683234281838  7.18160669784993  30.2237139083445
20110209  0112  0.293379992712289  4.94166972348467  6.34099140763283
20110209  0113  0.633651957381517  0.794452021364123  5.80997990444303
20110209  0114  0.504934574011713  4.91997641511261  14.9616635404527
20110209  0115  0.958675148431212  22.8692465811037  35.6630011834204
20110209  0116  0.203963495790958  22.3549127927981  39.3234245851636
20110209  0117  0.713459003251046  2.45583726791665  20.2011120691895
20110209  0118  0.435431464575231  18.5426342883147  27.1404664590955
20110209  0119  0.397804426494986  8.89061195775867  25.5362783372402
20110209  0120  0.221426037605852  11.9846295914613  7.57367499172688
20110209  0121  0.458544422406703  18.8517104485072  19.0642457082868
20110209  0122  0.214137270115316  1.18621027795598  26.9709172658622
20110209  0123  0.372662055306137  17.0275092124939  28.2420405186713
20110209  0124  0.517911552917212  4.65087356278673  36.1140027828515
20110209  0125  0.891953141894192  3.61775228520855  32.7047973126173
20110209  0126  0.783528171479702  8.71683967998251  28.4726577810943
20110209  0127  0.766613786108792  1.55331476125866  32.401997409761
20110209  0128  0.271641587838531  12.439101387281  22.0702122710645
20110209  0129  0.950153249781579  22.3842120496556  36.2951914221048
20110209  0130  0.588560208212584  2.91986298980191  15.4705987684429
20110209  0131  0.777902083005756  14.3834735499695  5.63333548605442
20110209  0132  0.254508225712925  19.7369053144939  7.53127193078399
20110209  0133  0.928781157825142  4.05345669714734  34.7752866894007
20110209  0134  0.634832170791924  17.0012455317192  2.21668438985944
20110209  0135  0.53768224036321  14.300074079074  8.00508804619312
20110209  0136  0.355302173178643  8.88827836606652  21.9520315341651
20110209  0137  0.0671186177060008  3.05362301878631  24.4373351708055
20110209  0138  0.877168552950025  9.84466272639111  4.33989739045501
20110209  0139  0.428923860192299  8.59849397093058  0.154636669903994
20110209  0140  0.33630364574492  23.3124991762452  4.82641745358706
20110209  0141  0.723068614955992  17.7600512630306  27.8399751521647
20110209  0142  0.863902002107352  24.1227569058537  19.419023655355
20110209  0143  0.052183800842613  22.3422858514823  25.9045543707907
20110209  0144  0.92156596807763  13.2130901212804  13.1065472215414
20110209  0145  0.976983077824116  1.65514613036066  35.9866657480597
20110209  0146  0.177110279444605  10.5377004598267  10.2079111337662
20110209  0147  0.725911067798734  12.2156659024768  15.0937079824507
20110209  0148  0.33684444706887  9.14487973786891  30.8451683446765
20110209  0149  0.445341881830245  19.8679762426764  4.60275869816542
20110209  0150  0.449207798577845  3.27556738629937  1.90275738015771
20110209  0151  0.569868235383183  21.3522827601992  30.3188394010067
20110209  0152  0.2658676141873  17.949832812883  28.9152504689991
20110209  0153  0.751343205571175  19.2544278339483  24.6629078313708
20110209  0154  0.398957064840943  17.293577035889  5.80385204404593
20110209  0155  0.726620745845139  16.7181539931335  8.45208585262299
20110209  0156  0.626287389546633  21.1459109792486  25.3124066069722
20110209  0157  0.881485168356448  14.2936876742169  4.85747205093503
20110209  0158  0.258827867917717  22.7147988625802  19.4892796315253
20110209  0159  0.0299570765346289  8.84834590833634  11.2780416198075
20110209  0200  0.145026043988764  20.078540884424  16.5189494378865
20110209  0201  0.192594978492707  9.32524676900357  10.6826018542051
20110209  0202  0.950565963983536  15.9719371236861  39.4023343734443
20110209  0203  0.673447225708514  9.75551726296544  30.2094189077616
20110209  0204  0.290019921492785  19.729443883989  17.8791421838105
20110209  0205  0.435116222593933  12.8949625301175  4.628188572824
20110209  0206  0.646418369375169  3.55214728042483  38.4616461396217
20110209  0207  0.279228534549475  0.589276489336044  21.3315464183688
20110209  0208  0.40066533582285  7.05997318727896  17.6752245984972
20110209  0209  0.887897327076644  7.80890010064468  31.8325780704618
20110209  0210  0.169848367571831  11.4345512003638  23.9582434855402
20110209  0211  0.582822103984654  16.2494256626815  38.8786383159459
20110209  0212  0.849887150339782  15.0135747622699  24.4337377138436
20110209  0213  0.83494550967589  6.84975540498272  0.0425653345882893
20110209  0214  0.590180982835591  14.1002534539439  31.6096755489707
20110209  0215  0.0371595374308527  24.9781590187922  12.2416156157851
20110209  0216  0.152864251751453  16.1386182531714  17.9250512644649
20110209  0217  0.114405405241996  23.1193316169083  18.8678936474025
20110209  0218  0.647694065701216  8.13596502412111  30.1638507470489
20110209  0219  0.0895746811293066  5.3333982010372  2.65809090808034
20110209  0220  0.88538913289085  9.57960739033297  20.9533728286624
20110209  0221  0.484345220029354  24.1501599899493  6.95245388895273
20110209  0222  0.456311177928001  20.3973387600854  30.974173527211
20110209  0223  0.0671546207740903  16.2709765019827  1.9337821751833
20110209  0224  0.0682187541387975  6.02550107287243  24.4941877014935
20110209  0225  0.858460642863065  6.95448950864375  24.4592421501875
20110209  0226  0.164501033257693  10.7760958024301  10.2810313552618
20110209  0227  0.612627314869314  13.63623093348  7.27196196094155
20110209  0228  0.0843246560543776  4.82858258765191  20.2895059995353
20110209  0229  0.838420924730599  7.06794961588457  28.8229431211948
20110209  0230  0.904873197432607  4.20267793815583  4.15031494572759
20110209  0231  0.428707518149167  16.3113084388897  2.79057094827294
20110209  0232  0.602518865838647  2.7190878870897  35.4263129644096
20110209  0233  0.376873204018921  4.39795340644196  21.4598753675818
20110209  0234  0.425217758398503  6.10342225991189  31.1006771028042
20110209  0235  0.0375724514015019  2.56493833148852  2.22786031663418
20110209  0236  0.649053505156189  6.67746417457238  19.4696136191487
20110209  0237  0.906079289037734  21.9931470463052  1.28758311271667
20110209  0238  0.0878783380612731  24.1012634593062  9.01331525295973
20110209  0239  0.595115988049656  20.0617865775712  20.322034638375
20110209  0240  0.315689566079527  17.6836165250279  27.0463193394244
20110209  0241  0.419447440188378  3.40130447875708  13.1444128416479
20110209  0242  0.489211713895202  18.4642761247233  17.4949534609914
20110209  0243  0.374869538005441  2.88610622519627  24.5316789112985
20110209  0244  0.911366422194988  13.5165501968004  34.2971545271575
20110209  0245  0.14292063517496  16.0976337618195  5.50089417025447
20110209  0246  0.323244031053036  14.5662077353336  20.7557033933699
20110209  0247  0.900201564654708  22.9055104777217  39.0109668299556
20110209  0248  0.493175537325442  19.3849406321533  17.1242623776197
20110209  0249  0.786103987600654  13.4994473308325  39.088560976088
20110209  0250  0.985928314272314  22.2410128917545  11.536453999579
20110209  0251  0.0314658805727959  18.8693544943817  22.0031888410449
20110209  0252  0.916493739467114  24.2517851758748  28.2549631595612
20110209  0253  0.316601281985641  5.78340574866161  28.8609387353063
20110209  0254  0.15634050918743  9.96880099410191  8.53012207895517
20110209  0255  0.256782236043364  13.5418168734759  34.2863360978663
20110209  0256  0.394304590299726  21.6229176614434  17.5922684744
20110209  0257  0.913197175133973  19.1279567778111  14.2410852387547
20110209  0258  0.888471345882863  6.4573452109471  5.25699025020003
20110209  0259  0.316577905789018  1.10994490096346  26.8561059981585
        
20110206  0004  0.766188724897802  13.672395166941  9.50670145452023
20110206  0005  0.013038428965956  10.3266457328573  19.1707877628505
20110206  0006  0.983633408788592  11.9794678990729  27.1010053530335
20110206  0007  0.895031364634633  7.27157066576183  21.374156717211
20110206  0008  0.799121988471597  11.2584958435036  31.4335467480123
20110206  0009  0.143853411544114  6.88995422096923  2.26606089621782
20110206  0010  0.4139449079521  1.69417007127777  21.7810257524252
20110206  0011  0.193425355944782  23.4353098087013  27.2457091882825
20110206  0012  0.866170022636652  6.0400539310649  3.29377628862858
20110206  0013  0.201964802574366  22.0539878122509  1.14620910957456
20110206  0014  0.534737650305033  14.2526818206534  7.72397572174668
20110206  0015  0.811684110201895  21.4207196026109  36.1636249534786
20110206  0016  0.159477007109672  6.28711876925081  38.6826694570482
20110206  0017  0.0965559729374945  11.2957216915675  9.87398814409971
20110206  0018  0.792168634012341  12.1968530351296  31.1792179010808
20110206  0019  0.86964558949694  3.41542714741081  31.6083221137524
20110206  0020  0.541766323614866  24.9095600913279  36.4559182152152
20110206  0021  0.640557355247438  23.6577705014497  13.3109139092267
20110206  0022  0.687947760336101  4.11110413260758  24.3646304495633
20110206  0023  0.705490895546973  21.5888032340445  10.8036598563194
20110206  0024  0.394655966665596  1.574402814731  37.4831586331129
20110206  0025  0.200344116892666  6.99457417940721  30.7845619879663
20110206  0026  0.789773289579898  20.8873675903305  13.4317911788821
20110206  0027  0.648742964491248  0.268190132919699  26.884829364717
20110206  0028  0.859765317756683  3.02974756341428  10.7967114634812
20110206  0029  0.86044637998566  24.8173166997731  13.9117158576846
20110206  0030  0.218133345246315  6.90857283771038  0.701725408434868
20110206  0031  0.699107963591814  16.5243933675811  3.4671095199883
20110206  0032  0.624321992043406  12.7347237779759  3.09907821938396
20110206  0033  0.216806854121387  20.8133770967834  23.5771668888628
20110206  0034  0.555711736436933  14.1545182443224  34.0313626267016
20110206  0035  0.110816116444767  24.9244516948238  1.89561620354652
20110206  0036  0.110462297219783  14.9449263000861  0.0272424891591072
20110206  0037  0.871502765454352  1.94687774637714  21.368383448571
20110206  0038  0.0702834445983171  14.7321517230012  32.2275260090828
20110206  0039  0.384632821194828  1.72836506972089  37.0085611194372
20110206  0040  0.848413216415793  24.7699804254808  0.976838897913694
20110206  0041  0.501338653732091  14.8660944658332  8.44089413061738
20110206  0042  0.733645645435899  6.53387232450768  22.2041752003133
20110206  0043  0.430797338020056  4.91515848552808  4.29268913343549
20110206  0044  0.279364845715463  24.2538182530552  19.23898473382
20110206  0045  0.480078057851642  13.3382130996324  7.95122714713216
20110206  0046  0.51141095906496  6.78696410031989  5.86093638092279
20110206  0047  0.243249014951289  19.5935255498625  13.5561952739954
20110206  0048  0.921664614230394  2.48017359990627  26.1170174926519
20110206  0049  0.603844561614096  4.6650345204398  24.3649457208812
20110206  0050  0.00315327337011695  19.741467712447  30.4416187293828
20110206  0051  0.935251445975155  13.8053212082013  33.9427002891898
20110206  0052  0.773546390701085  9.3414347502403  4.21071901917458
20110206  0053  0.0989818722009659  11.1059852410108  18.5512158088386
20110206  0054  0.737950039561838  23.6935682711191  29.2735222354531
20110206  0055  0.512262457981706  4.80953680817038  19.6158652193844
20110206  0056  0.477613870985806  5.40498745394871  27.8860677033663
20110206  0057  0.0873944368213415  23.9049551426433  15.9723484702408
20110206  0058  0.60305732768029  3.79792063031346  19.076991379261
20110206  0059  0.743869815487415  10.9435052610934  1.25331604853272
20110206  0100  0.821444541681558  6.41751169459894  13.0174192599952
20110206  0101  0.0705820196308196  8.96281049354002  32.9073096811771
20110206  0102  0.654967534355819  4.72862605238333  27.2871978767216
20110206  0103  0.244638741482049  18.9639643649571  38.614056520164
20110206  0104  0.0238180258311331  5.16887654084712  18.3055029995739
20110206  0105  0.336013350170106  3.78539536613971  33.5317977890372
20110206  0106  0.195718619506806  1.94040181813762  5.63249951228499
20110206  0107  0.285823385231197  13.8602029182948  39.7632089629769
20110206  0108  0.510002520401031  17.5126288668253  30.9724967181683
20110206  0109  0.101811951491982  12.4311815132387  23.375420589
20110206  0110  0.830632622353733  21.4874301222153  17.2970760799944
20110206  0111  0.767053163144737  17.928219109308  20.6265156343579
20110206  0112  0.448196487035602  12.3071540379897  12.4878129735589
20110206  0113  0.944660753011703  9.51643424341455  19.4172476604581
20110206  0114  0.105284653138369  12.1785134193487  9.96549911797047
20110206  0115  0.476792044006288  21.3316934066825  8.96716540679336
20110206  0116  0.146097037941217  19.5058048469946  29.3854488432407
20110206  0117  0.0580534199252725  4.77597487624735  31.1671713739634
20110206  0118  0.362249944359064  21.2010346818715  37.4568216316402
20110206  0119  0.857631559483707  2.08089970983565  17.1466182358563
20110206  0120  0.360487307887524  15.6287399237044  3.60419062897563
20110206  0121  0.888371207751334  4.33089667931199  6.42495600506663
20110206  0122  0.106483167037368  19.0926571609452  39.8610919341445
20110206  0123  0.0101067237555981  8.38120091939345  29.15282683447
20110206  0124  0.926964457146823  12.7614271477796  36.4782552793622
20110206  0125  0.410806801170111  1.11357658170164  15.6057226657867
20110206  0126  0.301247166469693  13.3254009997472  19.858570639044
20110206  0127  0.235194601118565  12.3061228776351  20.1142299361527
20110206  0128  0.541913608089089  16.5359827340581  4.6521894261241
20110206  0129  0.228118139319122  3.35185923613608  26.7721997573972
20110206  0130  0.59047041926533  20.8975849556737  36.1449422687292
20110206  0131  0.571541750337929  18.3073343010619  14.0857288241386
20110206  0132  0.512793350033462  5.18999674823135  19.8152645863593
20110206  0133  0.534085977356881  11.9546671165153  35.6176146119833
20110206  0134  0.488472976721823  2.65802997164428  23.4849616512656
20110206  0135  0.640219827182591  16.6039908537641  8.72447835281491
20110206  0136  0.16919439425692  15.3362246812321  27.4481812492013
20110206  0137  0.47263505961746  13.8250064454041  27.9538527131081
20110206  0138  0.376382716465741  6.06628470122814  19.353693742305
20110206  0139  0.896389973815531  11.2129915971309  37.6500639878213
20110206  0140  0.475306497421116  3.58095985138789  28.8960500434041
20110206  0141  0.284645045176148  0.186853343620896  12.268760278821
20110206  0142  0.628134514205158  17.4170918879099  6.06987401843071
20110206  0143  0.557838434819132  15.7746979384683  38.0100236833096
20110206  0144  0.171743764076382  17.1377899358049  39.2428532429039
20110206  0145  0.939551270566881  0.316044664941728  36.1499062553048
20110206  0146  0.68965113023296  19.6249006432481  6.30813043564558
20110206  0147  0.235535296145827  10.1649505435489  38.1754799745977
20110206  0148  0.694718729704618  19.5287412847392  32.3735419102013
20110206  0149  0.86423573968932  14.6079438971356  35.3819739446044
20110206  0150  0.605974853504449  9.48713810648769  12.1376266144216
20110206  0151  0.934304242022336  19.9625935405493  24.55621317029
20110206  0152  0.0545236798934639  0.770518474746495  28.9858483709395
20110206  0153  0.76300806645304  24.0045067039318  23.1566609442234
20110206  0154  0.772354239132255  6.34889010107145  21.8353666365147
20110206  0155  0.621601995546371  19.9170934618451  15.7039687223732
20110206  0156  0.29008565377444  4.93399627739564  37.188156824559
20110206  0157  0.803168104495853  1.88027002150193  29.6695645526052
20110206  0158  0.795167768374085  10.4722829186358  13.3430566824973
20110206  0159  0.633156262338161  15.007674775552  30.0039943680167
20110206  0200  0.232316997367889  2.76852200040594  28.339375462383
20110206  0201  0.929359529167414  21.3567578583024  37.2684265300632
20110206  0202  0.820969382766634  5.76055059209466  6.78068038076162
20110206  0203  0.542728133965284  21.1678762920201  26.7393463291228
20110206  0204  0.400676112622023  13.4276175638661  25.7687435112894
20110206  0205  0.601143890526146  17.1050352160819  4.80877751484513
20110206  0206  0.343680515419692  14.7959325811826  33.519539758563
20110206  0207  0.18141567427665  10.4130860534497  5.56791907176375
20110206  0208  0.653648613020778  19.8946076678112  33.9699102565646
20110206  0209  0.743529433850199  5.58065691730008  35.6643941439688
20110206  0210  0.376151709351689  5.94515865668654  39.2879488505423
20110206  0211  0.844788777176291  14.3055525957607  39.6799865551293
20110206  0212  0.690389650408179  24.3933732388541  8.01871111616492
20110206  0213  0.147096706088632  11.9000212405808  25.2469242736697
20110206  0214  0.426539471372962  14.7066237172112  27.8817012533545
20110206  0215  0.824686138425022  7.53023707075045  18.8893175497651
20110206  0216  0.379260864574462  17.751244478859  35.5631808377802
20110206  0217  0.0509307449683547  20.4808975453489  34.3179191276431
20110206  0218  0.0145800691097975  2.26472169160843  18.7454826943576
20110206  0219  0.334415757562965  0.245023553725332  19.955669529736
20110206  0220  0.0196151994168758  21.1497207521461  33.5094063356519
20110206  0221  0.500265920069069  10.7676332234405  11.1777106113732
20110206  0222  0.112264098599553  1.64673561230302  12.6795984990895
20110206  0223  0.634961328003556  4.86418305663392  25.3048910200596
20110206  0224  0.408840296324342  10.4211645433679  26.8667952157557
20110206  0225  0.109186122193933  24.2217114311643  25.578356217593
20110206  0226  0.15649902774021  8.5629949811846  18.2682822085917
20110206  0227  0.919212074484676  0.756366772111505  27.40797765553
20110206  0228  0.836187887471169  8.4710855036974  32.2028375603259
20110206  0229  0.455220652744174  15.8624445088208  22.1829890273511
20110206  0230  0.63516409508884  0.938679918181151  20.9078891761601
20110206  0231  0.128697897773236  7.89080782560632  15.1847496442497
20110206  0232  0.89602154539898  20.9003697964363  12.7934275381267
20110206  0233  0.552021875511855  24.1947256145068  1.89251622185111
20110206  0234  0.373651342000812  20.4312037443742  13.7506756745279
20110206  0235  0.0881855296902359  20.5683927517384  24.4799271412194
20110206  0236  0.308588749263436  2.99678744049743  24.7613106109202
20110206  0237  0.295654360204935  18.7375946668908  38.1447857245803
20110206  0238  0.782348801381886  2.92737886775285  28.0138330347836
20110206  0239  0.278085115831345  21.423037792556  30.6929459050298
20110206  0240  0.520382478833199  23.5054236836731  0.92762116342783
20110206  0241  0.194239878561348  9.13409382337704  36.6790325194597
20110206  0242  0.849459125194699  7.41134965792298  28.5813675075769
20110206  0243  0.00548755982890725  6.70578216668218  21.8791426159441
20110206  0244  0.214811486657709  22.7674762601964  19.7413520887494
20110206  0245  0.629632289055735  8.36467194603756  19.467777647078
20110206  0246  0.367591368034482  18.6681545688771  30.7869229465723
20110206  0247  0.850693869870156  8.67417698027566  32.8651786595583
20110206  0248  0.0832954356446862  6.39667203649879  26.954295989126
20110206  0249  0.425146805588156  22.3446320858784  4.57395480945706
20110206  0250  0.754507744219154  17.5514238071628  39.48262443766
20110206  0251  0.637918401975185  11.0122867627069  13.1744375452399
20110206  0252  0.808271668385714  21.8179185059853  35.0049817748368
20110206  0253  0.632529925554991  12.4907207558863  29.5183631591499
20110206  0254  0.412139304447919  7.07446581218392  19.324100073427
20110206  0255  0.600240896455944  1.29890980897471  39.9506101943552
20110206  0256  0.949486907105893  22.3226180300117  6.24113738536835
20110206  0257  0.971777299884707  20.8111094427295  8.37295707315207
20110206  0258  0.642467763740569  23.6638809205033  2.53094516694546
20110206  0259  0.946222460828722  6.8447461235337  9.69189452007413
        
20110205  0004  0.695095547474921  1.20420474559069  36.4930087141693
20110205  0005  0.924530632328242  15.4372036340646  24.0251998789608
20110205  0006  0.0421946528367698  20.8277918631211  22.3746579140425
20110205  0007  0.162974659353495  17.8794272011146  35.9766245447099
20110205  0008  0.987090395763516  21.5978813241236  37.5145295634866
20110205  0009  0.337233242113143  24.1032716119662  16.9998289085925
20110205  0010  0.865629274398088  4.23047355143353  29.3865369074047
20110205  0011  0.835247809067369  16.1459700437263  3.63182598724961
20110205  0012  0.152932410594076  18.0511950515211  29.6567706204951
20110205  0013  0.316423542797565  8.66894546197727  30.8988192118704
20110205  0014  0.0378070576116443  12.8977356594987  1.03069933131337
20110205  0015  0.934971833601594  16.1937824450433  26.2537432834506
20110205  0016  0.914924316573888  17.5324060255662  11.8313452973962
20110205  0017  0.523313152138144  24.6948646381497  12.4952236004174
20110205  0018  0.286613106261939  13.9608835917898  24.2094557918608
20110205  0019  0.948892812710255  9.90979471243918  13.7580729089677
20110205  0020  0.561178831849247  19.9741258402355  8.77143001183867
20110205  0021  0.624918189365417  15.0339011452161  31.3015563599765
20110205  0022  0.882669569924474  19.3607763387263  0.0481833890080452
20110205  0023  0.171529299579561  14.7312979446724  3.022800385952
20110205  0024  0.779272522777319  4.6901949099265  8.09073720127344
20110205  0025  0.588319458533078  13.9484283514321  35.9739956259727
20110205  0026  0.479327458422631  19.3178702844307  22.0770867355168
20110205  0027  0.228293253108859  20.2961839502677  12.5150068290532
20110205  0028  0.822188473772258  17.6949103944935  9.11544041708112
20110205  0029  0.926846113521606  11.0823595314287  23.176750484854
20110205  0030  0.177029843442142  18.8300751615316  15.7386037707329
20110205  0031  0.455236447975039  13.6370127438568  14.5985015854239
20110205  0032  0.856543383095413  21.1850644205697  4.37948627397418
20110205  0033  0.71697009075433  16.4853481925093  39.9702428095043
20110205  0034  0.180661663413048  4.788509150967  14.6092597767711
20110205  0035  0.419357312377542  21.7843797407113  15.9338792227209
20110205  0036  0.89594905776903  22.8752709925175  4.18630558997393
20110205  0037  0.735497965477407  8.78831879235804  22.0992537774146
20110205  0038  0.329420429654419  24.3127101566643  9.33357793837786
20110205  0039  0.792277503293008  24.2874361225404  16.0522773861885
20110205  0040  0.301922067068517  18.6131154303439  14.8699948005378
20110205  0041  0.96444478072226  5.08470034692436  23.7558088265359
20110205  0042  0.53212643833831  9.14938560454175  9.54782595857978
20110205  0043  0.679834823589772  0.827887142077088  30.3069012239575
20110205  0044  0.881827816832811  24.8779528425075  11.1282641813159
20110205  0045  0.436521911993623  11.1955926171504  23.7568985670805
20110205  0046  0.620975654572248  17.0214526006021  15.5019864439964
20110205  0047  0.6869055214338  19.147915544454  18.5476629063487
20110205  0048  0.773027171846479  24.2610733723268  26.5009085461497
20110205  0049  0.458863396663219  5.55363376624882  37.2601710632443
20110205  0050  0.711622825823724  12.7690604655072  33.5819563083351
20110205  0051  0.667140061501414  12.9744220408611  8.07971972972155
20110205  0052  0.962002628017217  13.013351848349  36.4179874584079
20110205  0053  0.976379331201315  3.07750825304538  20.3857825510204
20110205  0054  0.233034398872405  19.8406799230725  2.63719467446208
20110205  0055  0.0850585177540779  1.90354778897017  33.8088366761804
20110205  0056  0.60005880240351  19.3751019076444  5.9083354100585
20110205  0057  0.251702415756881  6.72453907318413  10.1103771664202
20110205  0058  0.288617067970335  22.7011157781817  28.9959634467959
20110205  0059  0.937061286065727  18.8593389000744  7.37814970314503
20110205  0100  0.00155719183385372  17.711417330429  0.57506812736392
20110205  0101  0.602566256187856  14.9798719328828  31.8659136258066
20110205  0102  0.847342604771256  3.82195373531431  27.4334489740431
20110205  0103  0.282514714635909  19.4822762510739  20.6000113859773
20110205  0104  0.69886216474697  7.56218670867383  2.68325036391616
20110205  0105  0.743972805328667  1.3571151997894  11.7945026420057
20110205  0106  0.639063067734241  11.8034914252348  25.9377687238157
20110205  0107  0.846328924875706  11.4888664102182  11.8389245122671
20110205  0108  0.0392536404542625  22.0369031070732  34.0809647366405
20110205  0109  0.890738184098154  19.5567784365267  9.79105394333601
20110205  0110  0.55368327209726  22.2297095926479  16.1743924207985
20110205  0111  0.116103413514793  14.1730801085941  1.47658608853817
20110205  0112  0.523196418303996  13.8020243612118  1.80442562326789
20110205  0113  0.751797139644623  5.69453267380595  10.3033754602075
20110205  0114  0.654172085225582  17.9878534167074  24.0403625555336
20110205  0115  0.987414999399334  16.1882223677821  7.71698862314224
20110205  0116  0.421921467874199  13.9012751402333  9.73044294863939
20110205  0117  0.897814925760031  16.574404144194  16.6538980044425
20110205  0118  0.106917245779186  3.98958654841408  22.4968056567013
20110205  0119  0.677734820637852  15.8138710306957  20.9183861687779
20110205  0120  0.905216452199966  15.2882391470484  8.2906342856586
20110205  0121  0.675700332038105  5.3118436364457  36.0949978232384
20110205  0122  0.491732829716057  8.58561693457887  9.46264395490289
20110205  0123  0.0627570007927716  16.0941821173765  26.5178035013378
20110205  0124  0.908522110432386  1.25840895343572  19.0357383154333
20110205  0125  0.106925160158426  4.32715939823538  25.0152597017586
20110205  0126  0.889104808680713  15.7190797617659  9.14402885362506
20110205  0127  0.472971379291266  24.0134878200479  9.09926526248455
20110205  0128  0.978974724188447  17.1076550614089  3.28794186934829
20110205  0129  0.0359993288293481  24.6414714609273  17.3802587389946
20110205  0130  0.130950931925327  8.35477883229032  22.8409668244421
20110205  0131  0.300342606846243  10.6594747165218  1.7664097994566
20110205  0132  0.515816177241504  22.4868763354607  22.8327029943466
20110205  0133  0.122750017791986  3.73720086645335  31.2871859222651
20110205  0134  0.455676814541221  15.0804807199165  31.4638209342957
20110205  0135  0.583710554987192  16.8443556060083  32.6412999071181
20110205  0136  0.72376668965444  21.3679228792898  2.28098418563604
20110205  0137  0.301352655515075  8.80769803188741  34.9009112641215
20110205  0138  0.0646774997003376  1.03467473527417  7.93612198904157
20110205  0139  0.0921878349035978  11.828401859384  8.61894279718399
20110205  0140  0.473096064757556  13.1664332351647  38.2862080819905
20110205  0141  0.0610644593834877  16.4166014175862  20.2401337958872
20110205  0142  0.453731194138527  0.110396882519126  5.12134961783886
20110205  0143  0.0705549954436719  0.735924346372485  21.8896150775254
20110205  0144  0.66041692905128  18.8747918233275  6.77566699683666
20110205  0145  0.497591006103903  20.3874544240534  30.5329937674105
20110205  0146  0.689079067669809  8.14700670307502  2.3229007050395
20110205  0147  0.108101045247167  14.5944149582647  13.3170718699694
20110205  0148  0.0535212550312281  18.5420408030041  23.5187357664108
20110205  0149  0.130006726831198  13.7212035595439  26.5080892108381
20110205  0150  0.198052858468145  13.775531493593  23.1034386344254
20110205  0151  0.0250210985541344  10.4801659123041  23.5944773443043
20110205  0152  0.725554699078202  15.5537824495696  17.2708362340927
20110205  0153  0.718144400976598  1.15204737521708  15.2363291941583
20110205  0154  0.212331803981215  20.8721217699349  26.4355965703726
20110205  0155  0.906144272536039  16.5470305248164  21.1941535770893
20110205  0156  0.4771250304766  20.5640141619369  24.4084904529154
20110205  0157  0.124651748221368  8.35829999996349  6.39568900689483
20110205  0158  0.923270137514919  6.19850690709427  33.4427994675934
20110205  0159  0.798133629839867  18.9523907261901  26.7317112535238
20110205  0200  0.397976480424404  5.98004496423528  6.54176829382777
20110205  0201  0.400146618019789  24.6388290310279  23.1776811927557
20110205  0202  0.179328383877873  3.48182437010109  28.2285417243838
20110205  0203  0.0117764710448682  1.84138958575204  14.2779875732958
20110205  0204  0.632808576803654  7.14968468528241  7.67338240519166
20110205  0205  0.293698491062969  4.80329149868339  34.1486312448978
20110205  0206  0.823552330955863  16.7314172722399  27.0510539226234
20110205  0207  0.433764592278749  19.8477109777741  0.424333922564983
20110205  0208  0.593656817451119  17.9294644156471  10.3419449925423
20110205  0209  0.429726804140955  12.8828051616438  0.665770154446363
20110205  0210  0.0980195854790509  22.8322171838954  10.2338420972228
20110205  0211  0.261563792824745  7.83588263439015  9.65596854686737
20110205  0212  0.841005822643638  12.319092231337  15.2268875390291
20110205  0213  0.546719366218895  12.6135040074587  18.1731108948588
20110205  0214  0.903669055551291  3.43371843919158  29.6126063913107
20110205  0215  0.095503615681082  10.7761807157658  37.2978728078306
20110205  0216  0.949219397269189  6.36498898966238  24.0681404434144
20110205  0217  0.625495745334774  17.2091038082726  15.824478007853
20110205  0218  0.636104093398899  7.05052424455062  4.51162107288837
20110205  0219  0.894652718212456  17.793694359716  25.1241093501449
20110205  0220  0.911296972539276  20.2441839966923  21.6556568443775
20110205  0221  0.167143024969846  1.78327882895246  34.1930690594018
20110205  0222  0.408542239107192  22.8084243950434  13.9036166295409
20110205  0223  0.78921442758292  11.4764085505158  34.0852230414748
20110205  0224  0.243542199954391  9.06813493929803  39.5791725441813
20110205  0225  0.983857360202819  11.4557253429666  16.8210617080331
20110205  0226  0.916304180398583  10.1862102746964  27.0050440914929
20110205  0227  0.518007691483945  0.823603908065706  14.5396101847291
20110205  0228  0.91361964168027  16.7262062430382  25.8204489946365
20110205  0229  0.0264101685024798  14.0925242099911  14.2903599701822
20110205  0230  0.654512902256101  11.874948523473  6.68105436488986
20110205  0231  0.195904323365539  16.0535241477191  9.5343004912138
20110205  0232  0.0507310498505831  1.26708012539893  6.02777954190969
20110205  0233  0.398321465589106  20.9974408266135  24.3900332227349
20110205  0234  0.250452042091638  2.08599582547322  38.8990491442382
20110205  0235  0.239931355696172  1.6824298305437  17.2282096929848
20110205  0236  0.660457898396999  24.5900343405083  33.526146132499
20110205  0237  0.335584001149982  12.5402266276069  34.8439123854041
20110205  0238  0.69907425576821  10.3807176696137  21.6058423742652
20110205  0239  0.344585480634123  11.0409718938172  4.15388111025095
20110205  0240  0.701844479888678  2.40379445021972  23.1537987478077
20110205  0241  0.868870839476585  7.30140254599974  8.83943740278482
20110205  0242  0.10722835175693  8.56967879226431  10.8667656034231
20110205  0243  0.257922840304673  18.5277154436335  4.46267092600465
20110205  0244  0.867673671338707  24.7890164959244  7.80026426538825
20110205  0245  0.840149899944663  5.78730038832873  10.4921519942582
20110205  0246  0.270855142269284  22.2987478598952  9.83620695769787
20110205  0247  0.109008795581758  5.68834788864478  29.9005695618689
20110205  0248  0.980106605216861  23.16520428285  6.50971785187721
20110205  0249  0.520252664573491  6.77984131034464  24.1752728819847
20110205  0250  0.624099692795426  24.3259533075616  28.0213440023363
20110205  0251  0.202944661490619  21.0477242944762  39.7035880759358
20110205  0252  0.42393059656024  23.728433100041  13.4150741621852
20110205  0253  0.695599737111479  5.17650410765782  3.05941887199879
20110205  0254  0.807166510261595  1.8683458911255  2.7218452654779
20110205  0255  0.00217311689630151  22.8720933897421  11.9815258868039
20110205  0256  0.264476917218417  4.64347194647416  7.65952246263623
20110205  0257  0.510382091160864  7.36869183601812  16.7608790844679
20110205  0258  0.257896330207586  6.87135696643963  13.8252059556544
20110205  0259  0.420639276504517  19.8776735924184  24.6729520522058
        
